0,	-0.37246802,	0.13780156,	-0.024644133,	-0.91742635
52000,	-0.37451214,	0.13688794,	-0.026557842,	-0.9166772
100000,	-0.37635067,	0.13586584,	-0.028331917,	-0.91602296
156000,	-0.378413,	0.13476713,	-0.030368462,	-0.91527
204000,	-0.3801426,	0.13385424,	-0.032191657,	-0.9146247
260000,	-0.3821365,	0.1332767,	-0.03441907,	-0.9137968
308000,	-0.3836326,	0.13524857,	-0.037337728,	-0.91276497
364000,	-0.38511547,	0.14552672,	-0.044208962,	-0.9102492
416000,	-0.38598564,	0.16590057,	-0.055044588,	-0.90579367
468000,	-0.38624692,	0.19419588,	-0.0691875,	-0.89906305
516000,	-0.38608775,	0.22223738,	-0.08297665,	-0.89143807
568000,	-0.38571116,	0.2509207,	-0.09708691,	-0.88251907
624000,	-0.3852789,	0.2780398,	-0.110588856,	-0.87293994
672000,	-0.3848578,	0.2985311,	-0.12093704,	-0.8649497
724000,	-0.38418844,	0.3188273,	-0.1315133,	-0.8564185
776000,	-0.38332558,	0.3383919,	-0.14190364,	-0.8475941
828000,	-0.38220373,	0.35830665,	-0.15244389,	-0.838032
880000,	-0.38092992,	0.37843156,	-0.16319565,	-0.82767695
932000,	-0.37982896,	0.39840087,	-0.1735897,	-0.81662315
988000,	-0.3792348,	0.4200388,	-0.1841627,	-0.8036371
1036000,	-0.37896392,	0.43853903,	-0.19308753,	-0.7916989
1092000,	-0.3785867,	0.45995286,	-0.2031912,	-0.7770642
1140000,	-0.3778258,	0.47814047,	-0.21184036,	-0.7640374
1192000,	-0.37637213,	0.49752334,	-0.22149292,	-0.7495035
1244000,	-0.37428764,	0.5164524,	-0.23150359,	-0.73456913
1296000,	-0.3714602,	0.53484184,	-0.24171405,	-0.7193997
1348000,	-0.36810467,	0.55255276,	-0.25210536,	-0.70400804
1400000,	-0.36441147,	0.5695707,	-0.2626483,	-0.68833816
1456000,	-0.3601872,	0.5871476,	-0.27404362,	-0.67113566
1504000,	-0.35647342,	0.6016364,	-0.2834957,	-0.65619403
1556000,	-0.35243195,	0.6168455,	-0.29344645,	-0.63967377
1612000,	-0.34821767,	0.63259125,	-0.3036731,	-0.621575
1664000,	-0.34462208,	0.6465753,	-0.31268418,	-0.6044871
1716000,	-0.34105033,	0.6600772,	-0.32101232,	-0.58731073
1764000,	-0.337862,	0.6720945,	-0.32832456,	-0.57126284
1816000,	-0.3344331,	0.68456644,	-0.3359553,	-0.5537666
1868000,	-0.33099362,	0.69656223,	-0.34335858,	-0.5360497
1924000,	-0.32716286,	0.7089991,	-0.3508655,	-0.51689285
1976000,	-0.32343757,	0.7202361,	-0.35762984,	-0.4987474
2024000,	-0.3198364,	0.7303062,	-0.36391646,	-0.48158315
2076000,	-0.3157087,	0.7409973,	-0.370603,	-0.462498
2128000,	-0.31117997,	0.7515799,	-0.37704927,	-0.44286415
2180000,	-0.30644295,	0.76208204,	-0.38336155,	-0.42232433
2232000,	-0.30129454,	0.7725283,	-0.3895537,	-0.4008363
2284000,	-0.29579315,	0.7830496,	-0.39536014,	-0.37819338
2336000,	-0.2897183,	0.7936425,	-0.40072984,	-0.3544159
2392000,	-0.28263333,	0.8050279,	-0.40611112,	-0.32729533
2444000,	-0.27548745,	0.815587,	-0.41058317,	-0.3005762
2492000,	-0.2680849,	0.82544994,	-0.41422114,	-0.27419657
2544000,	-0.2582312,	0.83658266,	-0.4182212,	-0.24194434
2596000,	-0.24596554,	0.8476495,	-0.4228064,	-0.20549013
2648000,	-0.23131602,	0.8580951,	-0.42771906,	-0.16499123
2700000,	-0.21448335,	0.8673544,	-0.43249145,	-0.12101458
2756000,	-0.1943647,	0.87524444,	-0.43725002,	-0.07058374
2804000,	-0.17563769,	0.879847,	-0.44087118,	-0.025559582
2856000,	-0.15421869,	0.882233,	-0.44417384,	0.024312127
2912000,	-0.13041283,	0.881571,	-0.44686708,	0.07832501
2960000,	-0.10970448,	0.8782893,	-0.44847876,	0.12425639
3016000,	-0.08536858,	0.8713245,	-0.44956717,	0.1771871
3068000,	-0.06283785,	0.86205465,	-0.4495697,	0.22538966
3116000,	-0.04194133,	0.8512812,	-0.44849935,	0.2690906
3172000,	-0.017098943,	0.83618504,	-0.44549173,	0.3194362
3224000,	0.0066317176,	0.81983244,	-0.44070876,	0.3655222
3276000,	0.03127125,	0.8012208,	-0.4337633,	0.41099504
3324000,	0.05495056,	0.7825367,	-0.42489988,	0.4517487
3380000,	0.08420082,	0.75912917,	-0.41113907,	0.49759197
3432000,	0.11293668,	0.7352748,	-0.3956683,	0.5385749
3480000,	0.13972619,	0.7110326,	-0.38025266,	0.5747321
3536000,	0.16879322,	0.6808147,	-0.36287233,	0.6134525
3588000,	0.19199389,	0.65222216,	-0.34856457,	0.64517236
3640000,	0.21138774,	0.6230085,	-0.33608353,	0.67396104
3688000,	0.22645856,	0.59525764,	-0.3256221,	0.6988241
3744000,	0.24184853,	0.562124,	-0.3136641,	0.7260446
3796000,	0.25513366,	0.53101254,	-0.30210465,	0.7494433
3844000,	0.26737675,	0.5021958,	-0.29059935,	0.76932514
3900000,	0.28195584,	0.46835834,	-0.27628496,	0.79044795
3952000,	0.29583946,	0.43651903,	-0.26225415,	0.80817884
4004000,	0.30959606,	0.40404364,	-0.24776693,	0.8243243
4056000,	0.32266,	0.37091848,	-0.23306255,	0.8390423
4108000,	0.33474302,	0.3368985,	-0.21819378,	0.85254794
4156000,	0.34485272,	0.30438656,	-0.20427139,	0.8641173
4212000,	0.35480204,	0.26516032,	-0.18785447,	0.87665063
4264000,	0.3626612,	0.2282971,	-0.17228524,	0.88694704
4316000,	0.3700506,	0.19141321,	-0.15633887,	0.89553434
4368000,	0.37762034,	0.15458556,	-0.14007762,	0.9021555
4420000,	0.38543874,	0.11818512,	-0.123583674,	0.9067505
4472000,	0.39338842,	0.08230281,	-0.10705855,	0.9094011
4524000,	0.4010307,	0.04738021,	-0.09080558,	0.9103208
4576000,	0.40807524,	0.013836245,	-0.07519734,	0.90974087
4624000,	0.41386136,	-0.015731849,	-0.061273772,	0.9081392
4680000,	0.41960374,	-0.04850772,	-0.04569547,	0.9052578
4728000,	0.42388144,	-0.07516745,	-0.03285981,	0.9019949
4780000,	0.42786413,	-0.10273649,	-0.0194784,	0.89777404
4832000,	0.43150172,	-0.12908511,	-0.0064947684,	0.8928053
4884000,	0.4348404,	-0.15444437,	0.006112004,	0.88714343
4936000,	0.4380653,	-0.17868936,	0.018417394,	0.8808121
4988000,	0.44133973,	-0.1947557,	0.02716508,	0.8755293
